<?xml version="1.0" encoding="utf-8"?><svg xmlns="http://www.w3.org/2000/svg" xmlns:xlink="http://www.w3.org/1999/xlink" width="2834" height="2000" preserveAspectRatio="xMidYMid" viewBox="0 0 2834 2000" style="z-index:1;margin-right:-1.98px;display:block;background-repeat-y:initial;background-repeat-x:initial;background-color:rgb(255, 255, 255);animation-play-state:paused" ><g transform="translate(1417,1000) scale(1,1) translate(-1417,-1000)" style="transform:matrix(1, 0, 0, 1, 0, 0);animation-play-state:paused" ><style type="text/css" style="animation-play-state:paused" >@keyframes ld-fall {
    0% { transform: translate(0,0px) rotate3d(1,1,1,0deg); }
    100% { transform: translate(0,2000px) rotate3d(1,1,1,1080deg) ; }
  }
  .ld.ld-fall {
    animation: ld-fall 25s linear infinite;
    animation: ld-fall 1s linear infinite;
  }</style>

  
<g transform="translate(0 898.9303629182261)" style="transform:matrix(1, 0, 0, 1, 0, 898.93);animation-play-state:paused" ><g transform="translate(307.6239165724025 0)" style="transform:matrix(1, 0, 0, 1, 307.624, 0);animation-play-state:paused" ><g class="ld ld-fall" style="transform:matrix(1, 0, 0, 1, 0, 0);animation-play-state:paused;animation-duration:25s" ><rect x="-3.568042010148072" y="-3.559528695068788" width="7.136084020296144" height="7.119057390137576" fill="#f7d038" style="transform:matrix(3.60278, 0, 0, 3.60278, 0, 0);animation-play-state:paused" ></rect></g></g>
<g transform="translate(1.9752196999620155 0)" style="transform:matrix(1, 0, 0, 1, 1.97522, 0);animation-play-state:paused" ><g class="ld ld-fall" style="transform:matrix3d(-0.15747, 0.969462, 0.188008, 0, 0.188008, -0.15747, 0.969462, 0, 0.969462, 0.188008, -0.15747, 0, 0, 921.128, 0, 1);animation-play-state:paused;animation-duration:12.5s;animation-delay:-5.75705s" ><rect x="-3.9303960058490794" y="-4.887853653914963" width="7.860792011698159" height="9.775707307829926" fill="#eb7532" style="transform:matrix(4.30358, 0, 0, 4.30358, 0, 0);animation-play-state:paused" ></rect></g></g>
<g transform="translate(1906.3480803977423 0)" style="transform:matrix(1, 0, 0, 1, 1906.35, 0);animation-play-state:paused" ><g class="ld ld-fall" style="transform:matrix3d(0.686828, -0.332918, 0.64609, 0, 0.64609, 0.686828, -0.332918, 0, -0.332918, 0.64609, 0.686828, 0, 0, 1225.97, 0, 1);animation-play-state:paused;animation-duration:12.5s;animation-delay:-7.66229s" ><rect x="-3.0509473907534645" y="-3.8993478487135143" width="6.101894781506929" height="7.7986956974270285" fill="#eb7532" style="transform:matrix(3.14808, 0, 0, 3.14808, 0, 0);animation-play-state:paused" ></rect></g></g>
<g transform="translate(1532.191494055978 0)" style="transform:matrix(1, 0, 0, 1, 1532.19, 0);animation-play-state:paused" ><g class="ld ld-fall" style="transform:matrix3d(-0.33329, 0.673221, 0.660069, 0, 0.660069, -0.33329, 0.673221, 0, 0.673221, 0.660069, -0.33329, 0, 0, 332.125, 0, 1);animation-play-state:paused;animation-duration:25s;animation-delay:-4.15156s" ><rect x="-3.914385434421404" y="-5.140056522878297" width="7.828770868842808" height="10.280113045756593" fill="#d23be7" style="transform:matrix(2.58038, 0, 0, 2.58038, 0, 0);animation-play-state:paused" ></rect></g></g>
<g transform="translate(1709.182229992931 0)" style="transform:matrix(1, 0, 0, 1, 1709.18, 0);animation-play-state:paused" ><g class="ld ld-fall" style="transform:matrix3d(-0.272218, 0.394626, 0.877592, 0, 0.877592, -0.272218, 0.394626, 0, 0.394626, 0.877592, -0.272218, 0, 0, 379.12, 0, 1);animation-play-state:paused;animation-duration:25s;animation-delay:-4.739s" ><rect x="-5.754004633501012" y="-5.10471803744054" width="11.508009267002024" height="10.20943607488108" fill="#e6261f" style="transform:matrix(1.96242, 0, 0, 1.96242, 0, 0);animation-play-state:paused" ></rect></g></g>
<g transform="translate(2762.3595554982694 0)" style="transform:matrix(1, 0, 0, 1, 2762.36, 0);animation-play-state:paused" ><g class="ld ld-fall" style="transform:matrix3d(0.888465, -0.263927, 0.375462, 0, 0.375462, 0.888465, -0.263927, 0, -0.263927, 0.375462, 0.888465, 0, 0, 604.402, 0, 1);animation-play-state:paused;animation-duration:12.5s;animation-delay:-3.77751s" ><rect x="-3.6261875011031814" y="-5.093875903029391" width="7.252375002206363" height="10.187751806058783" fill="#e6261f" style="transform:matrix(3.64791, 0, 0, 3.64791, 0, 0);animation-play-state:paused" ></rect></g></g>
<g transform="translate(1945.822934390178 0)" style="transform:matrix(1, 0, 0, 1, 1945.82, 0);animation-play-state:paused" ><g class="ld ld-fall" style="transform:matrix3d(0.543511, 0.776152, -0.319663, 0, -0.319663, 0.543511, 0.776152, 0, 0.776152, -0.319663, 0.543511, 0, 0, 132.635, 0, 1);animation-play-state:paused;animation-duration:12.5s;animation-delay:-0.828971s" ><rect x="-5.263294054903893" y="-3.3333200541303496" width="10.526588109807786" height="6.666640108260699" fill="#e6261f" style="transform:matrix(4.47219, 0, 0, 4.47219, 0, 0);animation-play-state:paused" ></rect></g></g>
<g transform="translate(1176.2373793232543 0)" style="transform:matrix(1, 0, 0, 1, 1176.24, 0);animation-play-state:paused" ><g class="ld ld-fall" style="transform:matrix3d(-0.178711, 0.959073, 0.219637, 0, 0.219637, -0.178711, 0.959073, 0, 0.959073, 0.219637, -0.178711, 0, 0, 259.594, 0, 1);animation-play-state:paused;animation-duration:12.5s;animation-delay:-1.62246s" ><rect x="-5.059712433705451" y="-3.210985106521633" width="10.119424867410903" height="6.421970213043266" fill="#f7d038" style="transform:matrix(3.4206, 0, 0, 3.4206, 0, 0);animation-play-state:paused" ></rect></g></g>
<g transform="translate(315.52319913000986 0)" style="transform:matrix(1, 0, 0, 1, 315.523, 0);animation-play-state:paused" ><g class="ld ld-fall" style="transform:matrix3d(-0.144383, 0.974899, 0.169484, 0, 0.169484, -0.144383, 0.974899, 0, 0.974899, 0.169484, -0.144383, 0, 0, 251.43, 0, 1);animation-play-state:paused;animation-duration:25s;animation-delay:-3.14288s" ><rect x="-4.178982411591319" y="-4.455679764728315" width="8.357964823182638" height="8.91135952945663" fill="#4355db" style="transform:matrix(2.02431, 0, 0, 2.02431, 0, 0);animation-play-state:paused" ></rect></g></g>
<g transform="translate(1023.835367615029 0)" style="transform:matrix(1, 0, 0, 1, 1023.84, 0);animation-play-state:paused" ><g class="ld ld-fall" style="transform:matrix3d(-0.00710865, 0.999949, 0.00715954, 0, 0.00715954, -0.00710865, 0.999949, 0, 0.999949, 0.00715954, -0.00710865, 0, 0, 890.2, 0, 1);animation-play-state:paused;animation-duration:25s;animation-delay:-11.1275s" ><rect x="-4.25075741179888" y="-3.9904333015349156" width="8.50151482359776" height="7.980866603069831" fill="#a3e048" style="transform:matrix(4.43238, 0, 0, 4.43238, 0, 0);animation-play-state:paused" ></rect></g></g>
<g transform="translate(1437.0750554712608 0)" style="transform:matrix(1, 0, 0, 1, 1437.08, 0);animation-play-state:paused" ><g class="ld ld-fall" style="transform:matrix3d(0.936294, -0.214443, 0.278149, 0, 0.278149, 0.936294, -0.214443, 0, -0.214443, 0.278149, 0.936294, 0, 0, 619.904, 0, 1);animation-play-state:paused;animation-duration:12.5s;animation-delay:-16.3744s" ><rect x="-3.1996374538966768" y="-3.3263963580585703" width="6.3992749077933535" height="6.6527927161171405" fill="#f7d038" style="transform:matrix(2.11483, 0, 0, 2.11483, 0, 0);animation-play-state:paused" ></rect></g></g>
<g transform="translate(2368.3268252007865 0)" style="transform:matrix(1, 0, 0, 1, 2368.33, 0);animation-play-state:paused" ><g class="ld ld-fall" style="transform:matrix3d(0.745495, -0.326537, 0.581042, 0, 0.581042, 0.745495, -0.326537, 0, -0.326537, 0.581042, 0.745495, 0, 0, 570.718, 0, 1);animation-play-state:paused;animation-duration:25s;animation-delay:-7.13398s" ><rect x="-3.9861527351601778" y="-3.7751889820287277" width="7.9723054703203555" height="7.550377964057455" fill="#34bbe6" style="transform:matrix(3.05599, 0, 0, 3.05599, 0, 0);animation-play-state:paused" ></rect></g></g>
<g transform="translate(2379.5810890191633 0)" style="transform:matrix(1, 0, 0, 1, 2379.58, 0);animation-play-state:paused" ><g class="ld ld-fall" style="transform:matrix3d(0.663508, -0.333323, 0.669815, 0, 0.669815, 0.663508, -0.333323, 0, -0.333323, 0.669815, 0.663508, 0, 0, 554.976, 0, 1);animation-play-state:paused;animation-duration:12.5s;animation-delay:-15.9686s" ><rect x="-4.548359948047911" y="-4.712882442303046" width="9.096719896095822" height="9.425764884606092" fill="#d23be7" style="transform:matrix(4.42273, 0, 0, 4.42273, 0, 0);animation-play-state:paused" ></rect></g></g>
<g transform="translate(2598.0364223133356 0)" style="transform:matrix(1, 0, 0, 1, 2598.04, 0);animation-play-state:paused" ><g class="ld ld-fall" style="transform:matrix3d(0.448366, 0.844508, -0.292874, 0, -0.292874, 0.448366, 0.844508, 0, 0.844508, -0.292874, 0.448366, 0, 0, 148.267, 0, 1);animation-play-state:paused;animation-duration:12.5s;animation-delay:-0.926666s" ><rect x="-3.082427765786012" y="-4.822082805722365" width="6.164855531572024" height="9.64416561144473" fill="#e6261f" style="transform:matrix(4.00068, 0, 0, 4.00068, 0, 0);animation-play-state:paused" ></rect></g></g>
<g transform="translate(2312.5655489613346 0)" style="transform:matrix(1, 0, 0, 1, 2312.57, 0);animation-play-state:paused" ><g class="ld ld-fall" style="transform:matrix3d(-0.185282, 0.229857, 0.955425, 0, 0.955425, -0.185282, 0.229857, 0, 0.229857, 0.955425, -0.185282, 0, 0, 1072.09, 0, 1);animation-play-state:paused;animation-duration:12.5s;animation-delay:-6.70057s" ><rect x="-3.2034574719335493" y="-3.6720198619571796" width="6.406914943867099" height="7.344039723914359" fill="#34bbe6" style="transform:matrix(4.41754, 0, 0, 4.41754, 0, 0);animation-play-state:paused" ></rect></g></g>
<g transform="translate(2268.160778478921 0)" style="transform:matrix(1, 0, 0, 1, 2268.16, 0);animation-play-state:paused" ><g class="ld ld-fall" style="transform:matrix3d(-0.128914, 0.980485, 0.148429, 0, 0.148429, -0.128914, 0.980485, 0, 0.980485, 0.148429, -0.128914, 0, 0, 247.958, 0, 1);animation-play-state:paused;animation-duration:12.5s;animation-delay:-1.54974s" ><rect x="-4.605948039173351" y="-5.998814826181291" width="9.211896078346703" height="11.997629652362582" fill="#34bbe6" style="transform:matrix(4.42444, 0, 0, 4.42444, 0, 0);animation-play-state:paused" ></rect></g></g>
<g transform="translate(1573.0003989908664 0)" style="transform:matrix(1, 0, 0, 1, 1573, 0);animation-play-state:paused" ><g class="ld ld-fall" style="transform:matrix3d(0.807841, -0.309464, 0.501622, 0, 0.501622, 0.807841, -0.309464, 0, -0.309464, 0.501622, 0.807841, 0, 0, 1250.7, 0, 1);animation-play-state:paused;animation-duration:12.5s;animation-delay:-7.81688s" ><rect x="-3.514193490231219" y="-3.54687437487049" width="7.028386980462438" height="7.09374874974098" fill="#4355db" style="transform:matrix(4.34586, 0, 0, 4.34586, 0, 0);animation-play-state:paused" ></rect></g></g>
<g transform="translate(993.1267423874991 0)" style="transform:matrix(1, 0, 0, 1, 993.127, 0);animation-play-state:paused" ><g class="ld ld-fall" style="transform:matrix3d(0.240068, 0.951639, -0.191706, 0, -0.191706, 0.240068, 0.951639, 0, 0.951639, -0.191706, 0.240068, 0, 0, 181.559, 0, 1);animation-play-state:paused;animation-duration:25s;animation-delay:-2.26949s" ><rect x="-5.511536485317757" y="-3.213793626595665" width="11.023072970635514" height="6.42758725319133" fill="#a3e048" style="transform:matrix(2.14678, 0, 0, 2.14678, 0, 0);animation-play-state:paused" ></rect></g></g>
<g transform="translate(1901.579840580188 0)" style="transform:matrix(1, 0, 0, 1, 1901.58, 0);animation-play-state:paused" ><g class="ld ld-fall" style="transform:matrix3d(-0.00462768, 0.0046492, 0.999978, 0, 0.999978, -0.00462768, 0.0046492, 0, 0.0046492, 0.999978, -0.00462768, 0, 0, 443.592, 0, 1);animation-play-state:paused;animation-duration:25s;animation-delay:-5.5449s" ><rect x="-3.6039759212744675" y="-5.651131640780213" width="7.207951842548935" height="11.302263281560426" fill="#4355db" style="transform:matrix(3.58292, 0, 0, 3.58292, 0, 0);animation-play-state:paused" ></rect></g></g>
<g transform="translate(348.2445739988087 0)" style="transform:matrix(1, 0, 0, 1, 348.245, 0);animation-play-state:paused" ><g class="ld ld-fall" style="transform:matrix3d(-0.155868, 0.970165, 0.185703, 0, 0.185703, -0.155868, 0.970165, 0, 0.970165, 0.185703, -0.155868, 0, 0, 920.752, 0, 1);animation-play-state:paused;animation-duration:12.5s;animation-delay:-18.2547s" ><rect x="-4.036578017792894" y="-3.4356601432637253" width="8.073156035585788" height="6.8713202865274505" fill="#e6261f" style="transform:matrix(3.75961, 0, 0, 3.75961, 0, 0);animation-play-state:paused" ></rect></g></g>
<g transform="translate(2435.7783487471875 0)" style="transform:matrix(1, 0, 0, 1, 2435.78, 0);animation-play-state:paused" ><g class="ld ld-fall" style="transform:matrix3d(-0.31289, 0.798325, 0.514565, 0, 0.514565, -0.31289, 0.798325, 0, 0.798325, 0.514565, -0.31289, 0, 0, 973.656, 0, 1);animation-play-state:paused;animation-duration:25s;animation-delay:-12.1707s" ><rect x="-3.1742053984111127" y="-4.956515510873702" width="6.348410796822225" height="9.913031021747404" fill="#eb7532" style="transform:matrix(2.83313, 0, 0, 2.83313, 0, 0);animation-play-state:paused" ></rect></g></g>
<g transform="translate(1750.3041132655903 0)" style="transform:matrix(1, 0, 0, 1, 1750.3, 0);animation-play-state:paused" ><g class="ld ld-fall" style="transform:matrix3d(-0.142247, 0.166523, 0.975723, 0, 0.975723, -0.142247, 0.166523, 0, 0.166523, 0.975723, -0.142247, 0, 0, 1749.06, 0, 1);animation-play-state:paused;animation-duration:12.5s;animation-delay:-23.4316s" ><rect x="-5.944953453063241" y="-3.932664652360765" width="11.889906906126482" height="7.86532930472153" fill="#f7d038" style="transform:matrix(2.61952, 0, 0, 2.61952, 0, 0);animation-play-state:paused" ></rect></g></g>
<g transform="translate(566.8262283718803 0)" style="transform:matrix(1, 0, 0, 1, 566.826, 0);animation-play-state:paused" ><g class="ld ld-fall" style="transform:matrix3d(0.392488, 0.878829, -0.271317, 0, -0.271317, 0.392488, 0.878829, 0, 0.878829, -0.271317, 0.392488, 0, 0, 1490.57, 0, 1);animation-play-state:paused;animation-duration:12.5s;animation-delay:-9.31608s" ><rect x="-3.017416694231759" y="-4.9773159038567965" width="6.034833388463518" height="9.954631807713593" fill="#34bbe6" style="transform:matrix(2.53433, 0, 0, 2.53433, 0, 0);animation-play-state:paused" ></rect></g></g>
<g transform="translate(2423.2685008129783 0)" style="transform:matrix(1, 0, 0, 1, 2423.27, 0);animation-play-state:paused" ><g class="ld ld-fall" style="transform:matrix3d(0.93462, -0.216657, 0.282037, 0, 0.282037, 0.93462, -0.216657, 0, -0.216657, 0.282037, 0.93462, 0, 0, 619.283, 0, 1);animation-play-state:paused;animation-duration:25s;animation-delay:-7.74104s" ><rect x="-3.7956232395153693" y="-3.0667112064270547" width="7.591246479030739" height="6.1334224128541095" fill="#4355db" style="transform:matrix(3.88784, 0, 0, 3.88784, 0, 0);animation-play-state:paused" ></rect></g></g>
<g transform="translate(882.7419768077557 0)" style="transform:matrix(1, 0, 0, 1, 882.742, 0);animation-play-state:paused" ><g class="ld ld-fall" style="transform:matrix3d(0.273931, -0.21202, 0.938088, 0, 0.938088, 0.273931, -0.21202, 0, -0.21202, 0.938088, 0.273931, 0, 0, 1157.2, 0, 1);animation-play-state:paused;animation-duration:12.5s;animation-delay:-19.7325s" ><rect x="-3.5461445929930724" y="-5.26771312060563" width="7.092289185986145" height="10.53542624121126" fill="#f7d038" style="transform:matrix(4.49874, 0, 0, 4.49874, 0, 0);animation-play-state:paused" ></rect></g></g>
<g transform="translate(1455.437838750625 0)" style="transform:matrix(1, 0, 0, 1, 1455.44, 0);animation-play-state:paused" ><g class="ld ld-fall" style="transform:matrix3d(0.766775, 0.55528, -0.322055, 0, -0.322055, 0.766775, 0.55528, 0, 0.55528, -0.322055, 0.766775, 0, 0, 758.234, 0, 1);animation-play-state:paused;animation-duration:25s;animation-delay:-9.47792s" ><rect x="-5.855467766398956" y="-4.095283732549737" width="11.710935532797912" height="8.190567465099473" fill="#34bbe6" style="transform:matrix(4.22219, 0, 0, 4.22219, 0, 0);animation-play-state:paused" ></rect></g></g>
<g transform="translate(537.7055611918271 0)" style="transform:matrix(1, 0, 0, 1, 537.706, 0);animation-play-state:paused" ><g class="ld ld-fall" style="transform:matrix3d(0.99253, 0.0899227, -0.0824525, 0, -0.0824525, 0.99253, 0.0899227, 0, 0.0899227, -0.0824525, 0.99253, 0, 0, 1349.23, 0, 1);animation-play-state:paused;animation-duration:25s;animation-delay:-16.8654s" ><rect x="-4.399413056337105" y="-3.383701294480594" width="8.79882611267421" height="6.767402588961188" fill="#eb7532" style="transform:matrix(3.8359, 0, 0, 3.8359, 0, 0);animation-play-state:paused" ></rect></g></g>
<g transform="translate(2680.9558885015035 0)" style="transform:matrix(1, 0, 0, 1, 2680.96, 0);animation-play-state:paused" ><g class="ld ld-fall" style="transform:matrix3d(-0.272134, 0.877708, 0.394426, 0, 0.394426, -0.272134, 0.877708, 0, 0.877708, 0.394426, -0.272134, 0, 0, 1620.85, 0, 1);animation-play-state:paused;animation-duration:12.5s;animation-delay:-22.6303s" ><rect x="-3.773306757238638" y="-4.711187854211273" width="7.546613514477276" height="9.422375708422546" fill="#eb7532" style="transform:matrix(1.95471, 0, 0, 1.95471, 0, 0);animation-play-state:paused" ></rect></g></g>
<g transform="translate(1861.4663461463647 0)" style="transform:matrix(1, 0, 0, 1, 1861.47, 0);animation-play-state:paused" ><g class="ld ld-fall" style="transform:matrix3d(0.485034, 0.819687, -0.304721, 0, -0.304721, 0.485034, 0.819687, 0, 0.819687, -0.304721, 0.485034, 0, 0, 808.976, 0, 1);animation-play-state:paused;animation-duration:25s;animation-delay:-10.1122s" ><rect x="-4.920800402089289" y="-3.4616638658555328" width="9.841600804178578" height="6.9233277317110655" fill="#eb7532" style="transform:matrix(2.35177, 0, 0, 2.35177, 0, 0);animation-play-state:paused" ></rect></g></g>
<g transform="translate(2549.8746333189965 0)" style="transform:matrix(1, 0, 0, 1, 2549.87, 0);animation-play-state:paused" ><g class="ld ld-fall" style="transform:matrix3d(-0.295247, 0.839974, 0.455273, 0, 0.455273, -0.295247, 0.839974, 0, 0.839974, 0.455273, -0.295247, 0, 0, 963.962, 0, 1);animation-play-state:paused;animation-duration:12.5s;animation-delay:-6.02476s" ><rect x="-4.886539165219156" y="-3.027314270208932" width="9.773078330438311" height="6.054628540417864" fill="#34bbe6" style="transform:matrix(4.4321, 0, 0, 4.4321, 0, 0);animation-play-state:paused" ></rect></g></g>
<g transform="translate(1423.6393025910959 0)" style="transform:matrix(1, 0, 0, 1, 1423.64, 0);animation-play-state:paused" ><g class="ld ld-fall" style="transform:matrix3d(0.565977, -0.324044, 0.758067, 0, 0.758067, 0.565977, -0.324044, 0, -0.324044, 0.758067, 0.565977, 0, 0, 537.822, 0, 1);animation-play-state:paused;animation-duration:12.5s;animation-delay:-3.36139s" ><rect x="-5.491249466803037" y="-4.661211996841423" width="10.982498933606074" height="9.322423993682847" fill="#d23be7" style="transform:matrix(3.95712, 0, 0, 3.95712, 0, 0);animation-play-state:paused" ></rect></g></g>
<g transform="translate(1761.5902803651745 0)" style="transform:matrix(1, 0, 0, 1, 1761.59, 0);animation-play-state:paused" ><g class="ld ld-fall" style="transform:matrix3d(0.914768, 0.325076, -0.239844, 0, -0.239844, 0.914768, 0.325076, 0, 0.325076, -0.239844, 0.914768, 0, 0, 54.2413, 0, 1);animation-play-state:paused;animation-duration:25s;animation-delay:-0.678016s" ><rect x="-5.517831781630389" y="-3.201444445948643" width="11.035663563260778" height="6.402888891897286" fill="#d23be7" style="transform:matrix(3.66003, 0, 0, 3.66003, 0, 0);animation-play-state:paused" ></rect></g></g>
<g transform="translate(1783.673890629442 0)" style="transform:matrix(1, 0, 0, 1, 1783.67, 0);animation-play-state:paused" ><g class="ld ld-fall" style="transform:matrix3d(0.849598, 0.440491, -0.290089, 0, -0.290089, 0.849598, 0.440491, 0, 0.440491, -0.290089, 0.849598, 0, 0, 739.351, 0, 1);animation-play-state:paused;animation-duration:25s;animation-delay:-9.24189s" ><rect x="-3.662026017590609" y="-4.904290405665744" width="7.324052035181218" height="9.808580811331488" fill="#eb7532" style="transform:matrix(2.69033, 0, 0, 2.69033, 0, 0);animation-play-state:paused" ></rect></g></g></g>

  
<g transform="translate(0 -1101.0696370817739)" style="transform:matrix(1, 0, 0, 1, 0, -1101.07);animation-play-state:paused" ><g transform="translate(307.6239165724025 0)" style="transform:matrix(1, 0, 0, 1, 307.624, 0);animation-play-state:paused" ><g class="ld ld-fall" style="transform:matrix(1, 0, 0, 1, 0, 0);animation-play-state:paused;animation-duration:25s" ><rect x="-3.568042010148072" y="-3.559528695068788" width="7.136084020296144" height="7.119057390137576" fill="#f7d038" style="transform:matrix(3.60278, 0, 0, 3.60278, 0, 0);animation-play-state:paused" ></rect></g></g>
<g transform="translate(1.9752196999620155 0)" style="transform:matrix(1, 0, 0, 1, 1.97522, 0);animation-play-state:paused" ><g class="ld ld-fall" style="transform:matrix3d(-0.15747, 0.969462, 0.188008, 0, 0.188008, -0.15747, 0.969462, 0, 0.969462, 0.188008, -0.15747, 0, 0, 921.128, 0, 1);animation-play-state:paused;animation-duration:12.5s;animation-delay:-5.75705s" ><rect x="-3.9303960058490794" y="-4.887853653914963" width="7.860792011698159" height="9.775707307829926" fill="#eb7532" style="transform:matrix(4.30358, 0, 0, 4.30358, 0, 0);animation-play-state:paused" ></rect></g></g>
<g transform="translate(1906.3480803977423 0)" style="transform:matrix(1, 0, 0, 1, 1906.35, 0);animation-play-state:paused" ><g class="ld ld-fall" style="transform:matrix3d(0.686828, -0.332918, 0.64609, 0, 0.64609, 0.686828, -0.332918, 0, -0.332918, 0.64609, 0.686828, 0, 0, 1225.97, 0, 1);animation-play-state:paused;animation-duration:12.5s;animation-delay:-7.66229s" ><rect x="-3.0509473907534645" y="-3.8993478487135143" width="6.101894781506929" height="7.7986956974270285" fill="#eb7532" style="transform:matrix(3.14808, 0, 0, 3.14808, 0, 0);animation-play-state:paused" ></rect></g></g>
<g transform="translate(1532.191494055978 0)" style="transform:matrix(1, 0, 0, 1, 1532.19, 0);animation-play-state:paused" ><g class="ld ld-fall" style="transform:matrix3d(-0.33329, 0.673221, 0.660069, 0, 0.660069, -0.33329, 0.673221, 0, 0.673221, 0.660069, -0.33329, 0, 0, 332.125, 0, 1);animation-play-state:paused;animation-duration:25s;animation-delay:-4.15156s" ><rect x="-3.914385434421404" y="-5.140056522878297" width="7.828770868842808" height="10.280113045756593" fill="#d23be7" style="transform:matrix(2.58038, 0, 0, 2.58038, 0, 0);animation-play-state:paused" ></rect></g></g>
<g transform="translate(1709.182229992931 0)" style="transform:matrix(1, 0, 0, 1, 1709.18, 0);animation-play-state:paused" ><g class="ld ld-fall" style="transform:matrix3d(-0.272218, 0.394626, 0.877592, 0, 0.877592, -0.272218, 0.394626, 0, 0.394626, 0.877592, -0.272218, 0, 0, 379.12, 0, 1);animation-play-state:paused;animation-duration:25s;animation-delay:-4.739s" ><rect x="-5.754004633501012" y="-5.10471803744054" width="11.508009267002024" height="10.20943607488108" fill="#e6261f" style="transform:matrix(1.96242, 0, 0, 1.96242, 0, 0);animation-play-state:paused" ></rect></g></g>
<g transform="translate(2762.3595554982694 0)" style="transform:matrix(1, 0, 0, 1, 2762.36, 0);animation-play-state:paused" ><g class="ld ld-fall" style="transform:matrix3d(0.888465, -0.263927, 0.375462, 0, 0.375462, 0.888465, -0.263927, 0, -0.263927, 0.375462, 0.888465, 0, 0, 604.402, 0, 1);animation-play-state:paused;animation-duration:12.5s;animation-delay:-3.77751s" ><rect x="-3.6261875011031814" y="-5.093875903029391" width="7.252375002206363" height="10.187751806058783" fill="#e6261f" style="transform:matrix(3.64791, 0, 0, 3.64791, 0, 0);animation-play-state:paused" ></rect></g></g>
<g transform="translate(1945.822934390178 0)" style="transform:matrix(1, 0, 0, 1, 1945.82, 0);animation-play-state:paused" ><g class="ld ld-fall" style="transform:matrix3d(0.543511, 0.776152, -0.319663, 0, -0.319663, 0.543511, 0.776152, 0, 0.776152, -0.319663, 0.543511, 0, 0, 132.635, 0, 1);animation-play-state:paused;animation-duration:12.5s;animation-delay:-0.828971s" ><rect x="-5.263294054903893" y="-3.3333200541303496" width="10.526588109807786" height="6.666640108260699" fill="#e6261f" style="transform:matrix(4.47219, 0, 0, 4.47219, 0, 0);animation-play-state:paused" ></rect></g></g>
<g transform="translate(1176.2373793232543 0)" style="transform:matrix(1, 0, 0, 1, 1176.24, 0);animation-play-state:paused" ><g class="ld ld-fall" style="transform:matrix3d(-0.178711, 0.959073, 0.219637, 0, 0.219637, -0.178711, 0.959073, 0, 0.959073, 0.219637, -0.178711, 0, 0, 259.594, 0, 1);animation-play-state:paused;animation-duration:12.5s;animation-delay:-1.62246s" ><rect x="-5.059712433705451" y="-3.210985106521633" width="10.119424867410903" height="6.421970213043266" fill="#f7d038" style="transform:matrix(3.4206, 0, 0, 3.4206, 0, 0);animation-play-state:paused" ></rect></g></g>
<g transform="translate(315.52319913000986 0)" style="transform:matrix(1, 0, 0, 1, 315.523, 0);animation-play-state:paused" ><g class="ld ld-fall" style="transform:matrix3d(-0.144383, 0.974899, 0.169484, 0, 0.169484, -0.144383, 0.974899, 0, 0.974899, 0.169484, -0.144383, 0, 0, 251.43, 0, 1);animation-play-state:paused;animation-duration:25s;animation-delay:-3.14288s" ><rect x="-4.178982411591319" y="-4.455679764728315" width="8.357964823182638" height="8.91135952945663" fill="#4355db" style="transform:matrix(2.02431, 0, 0, 2.02431, 0, 0);animation-play-state:paused" ></rect></g></g>
<g transform="translate(1023.835367615029 0)" style="transform:matrix(1, 0, 0, 1, 1023.84, 0);animation-play-state:paused" ><g class="ld ld-fall" style="transform:matrix3d(-0.00710865, 0.999949, 0.00715954, 0, 0.00715954, -0.00710865, 0.999949, 0, 0.999949, 0.00715954, -0.00710865, 0, 0, 890.2, 0, 1);animation-play-state:paused;animation-duration:25s;animation-delay:-11.1275s" ><rect x="-4.25075741179888" y="-3.9904333015349156" width="8.50151482359776" height="7.980866603069831" fill="#a3e048" style="transform:matrix(4.43238, 0, 0, 4.43238, 0, 0);animation-play-state:paused" ></rect></g></g>
<g transform="translate(1437.0750554712608 0)" style="transform:matrix(1, 0, 0, 1, 1437.08, 0);animation-play-state:paused" ><g class="ld ld-fall" style="transform:matrix3d(0.936294, -0.214443, 0.278149, 0, 0.278149, 0.936294, -0.214443, 0, -0.214443, 0.278149, 0.936294, 0, 0, 619.904, 0, 1);animation-play-state:paused;animation-duration:12.5s;animation-delay:-16.3744s" ><rect x="-3.1996374538966768" y="-3.3263963580585703" width="6.3992749077933535" height="6.6527927161171405" fill="#f7d038" style="transform:matrix(2.11483, 0, 0, 2.11483, 0, 0);animation-play-state:paused" ></rect></g></g>
<g transform="translate(2368.3268252007865 0)" style="transform:matrix(1, 0, 0, 1, 2368.33, 0);animation-play-state:paused" ><g class="ld ld-fall" style="transform:matrix3d(0.745495, -0.326537, 0.581042, 0, 0.581042, 0.745495, -0.326537, 0, -0.326537, 0.581042, 0.745495, 0, 0, 570.718, 0, 1);animation-play-state:paused;animation-duration:25s;animation-delay:-7.13398s" ><rect x="-3.9861527351601778" y="-3.7751889820287277" width="7.9723054703203555" height="7.550377964057455" fill="#34bbe6" style="transform:matrix(3.05599, 0, 0, 3.05599, 0, 0);animation-play-state:paused" ></rect></g></g>
<g transform="translate(2379.5810890191633 0)" style="transform:matrix(1, 0, 0, 1, 2379.58, 0);animation-play-state:paused" ><g class="ld ld-fall" style="transform:matrix3d(0.663508, -0.333323, 0.669815, 0, 0.669815, 0.663508, -0.333323, 0, -0.333323, 0.669815, 0.663508, 0, 0, 554.976, 0, 1);animation-play-state:paused;animation-duration:12.5s;animation-delay:-15.9686s" ><rect x="-4.548359948047911" y="-4.712882442303046" width="9.096719896095822" height="9.425764884606092" fill="#d23be7" style="transform:matrix(4.42273, 0, 0, 4.42273, 0, 0);animation-play-state:paused" ></rect></g></g>
<g transform="translate(2598.0364223133356 0)" style="transform:matrix(1, 0, 0, 1, 2598.04, 0);animation-play-state:paused" ><g class="ld ld-fall" style="transform:matrix3d(0.448366, 0.844508, -0.292874, 0, -0.292874, 0.448366, 0.844508, 0, 0.844508, -0.292874, 0.448366, 0, 0, 148.267, 0, 1);animation-play-state:paused;animation-duration:12.5s;animation-delay:-0.926666s" ><rect x="-3.082427765786012" y="-4.822082805722365" width="6.164855531572024" height="9.64416561144473" fill="#e6261f" style="transform:matrix(4.00068, 0, 0, 4.00068, 0, 0);animation-play-state:paused" ></rect></g></g>
<g transform="translate(2312.5655489613346 0)" style="transform:matrix(1, 0, 0, 1, 2312.57, 0);animation-play-state:paused" ><g class="ld ld-fall" style="transform:matrix3d(-0.185282, 0.229857, 0.955425, 0, 0.955425, -0.185282, 0.229857, 0, 0.229857, 0.955425, -0.185282, 0, 0, 1072.09, 0, 1);animation-play-state:paused;animation-duration:12.5s;animation-delay:-6.70057s" ><rect x="-3.2034574719335493" y="-3.6720198619571796" width="6.406914943867099" height="7.344039723914359" fill="#34bbe6" style="transform:matrix(4.41754, 0, 0, 4.41754, 0, 0);animation-play-state:paused" ></rect></g></g>
<g transform="translate(2268.160778478921 0)" style="transform:matrix(1, 0, 0, 1, 2268.16, 0);animation-play-state:paused" ><g class="ld ld-fall" style="transform:matrix3d(-0.128914, 0.980485, 0.148429, 0, 0.148429, -0.128914, 0.980485, 0, 0.980485, 0.148429, -0.128914, 0, 0, 247.958, 0, 1);animation-play-state:paused;animation-duration:12.5s;animation-delay:-1.54974s" ><rect x="-4.605948039173351" y="-5.998814826181291" width="9.211896078346703" height="11.997629652362582" fill="#34bbe6" style="transform:matrix(4.42444, 0, 0, 4.42444, 0, 0);animation-play-state:paused" ></rect></g></g>
<g transform="translate(1573.0003989908664 0)" style="transform:matrix(1, 0, 0, 1, 1573, 0);animation-play-state:paused" ><g class="ld ld-fall" style="transform:matrix3d(0.807841, -0.309464, 0.501622, 0, 0.501622, 0.807841, -0.309464, 0, -0.309464, 0.501622, 0.807841, 0, 0, 1250.7, 0, 1);animation-play-state:paused;animation-duration:12.5s;animation-delay:-7.81688s" ><rect x="-3.514193490231219" y="-3.54687437487049" width="7.028386980462438" height="7.09374874974098" fill="#4355db" style="transform:matrix(4.34586, 0, 0, 4.34586, 0, 0);animation-play-state:paused" ></rect></g></g>
<g transform="translate(993.1267423874991 0)" style="transform:matrix(1, 0, 0, 1, 993.127, 0);animation-play-state:paused" ><g class="ld ld-fall" style="transform:matrix3d(0.240068, 0.951639, -0.191706, 0, -0.191706, 0.240068, 0.951639, 0, 0.951639, -0.191706, 0.240068, 0, 0, 181.559, 0, 1);animation-play-state:paused;animation-duration:25s;animation-delay:-2.26949s" ><rect x="-5.511536485317757" y="-3.213793626595665" width="11.023072970635514" height="6.42758725319133" fill="#a3e048" style="transform:matrix(2.14678, 0, 0, 2.14678, 0, 0);animation-play-state:paused" ></rect></g></g>
<g transform="translate(1901.579840580188 0)" style="transform:matrix(1, 0, 0, 1, 1901.58, 0);animation-play-state:paused" ><g class="ld ld-fall" style="transform:matrix3d(-0.00462768, 0.0046492, 0.999978, 0, 0.999978, -0.00462768, 0.0046492, 0, 0.0046492, 0.999978, -0.00462768, 0, 0, 443.592, 0, 1);animation-play-state:paused;animation-duration:25s;animation-delay:-5.5449s" ><rect x="-3.6039759212744675" y="-5.651131640780213" width="7.207951842548935" height="11.302263281560426" fill="#4355db" style="transform:matrix(3.58292, 0, 0, 3.58292, 0, 0);animation-play-state:paused" ></rect></g></g>
<g transform="translate(348.2445739988087 0)" style="transform:matrix(1, 0, 0, 1, 348.245, 0);animation-play-state:paused" ><g class="ld ld-fall" style="transform:matrix3d(-0.155868, 0.970165, 0.185703, 0, 0.185703, -0.155868, 0.970165, 0, 0.970165, 0.185703, -0.155868, 0, 0, 920.752, 0, 1);animation-play-state:paused;animation-duration:12.5s;animation-delay:-18.2547s" ><rect x="-4.036578017792894" y="-3.4356601432637253" width="8.073156035585788" height="6.8713202865274505" fill="#e6261f" style="transform:matrix(3.75961, 0, 0, 3.75961, 0, 0);animation-play-state:paused" ></rect></g></g>
<g transform="translate(2435.7783487471875 0)" style="transform:matrix(1, 0, 0, 1, 2435.78, 0);animation-play-state:paused" ><g class="ld ld-fall" style="transform:matrix3d(-0.31289, 0.798325, 0.514565, 0, 0.514565, -0.31289, 0.798325, 0, 0.798325, 0.514565, -0.31289, 0, 0, 973.656, 0, 1);animation-play-state:paused;animation-duration:25s;animation-delay:-12.1707s" ><rect x="-3.1742053984111127" y="-4.956515510873702" width="6.348410796822225" height="9.913031021747404" fill="#eb7532" style="transform:matrix(2.83313, 0, 0, 2.83313, 0, 0);animation-play-state:paused" ></rect></g></g>
<g transform="translate(1750.3041132655903 0)" style="transform:matrix(1, 0, 0, 1, 1750.3, 0);animation-play-state:paused" ><g class="ld ld-fall" style="transform:matrix3d(-0.142247, 0.166523, 0.975723, 0, 0.975723, -0.142247, 0.166523, 0, 0.166523, 0.975723, -0.142247, 0, 0, 1749.06, 0, 1);animation-play-state:paused;animation-duration:12.5s;animation-delay:-23.4316s" ><rect x="-5.944953453063241" y="-3.932664652360765" width="11.889906906126482" height="7.86532930472153" fill="#f7d038" style="transform:matrix(2.61952, 0, 0, 2.61952, 0, 0);animation-play-state:paused" ></rect></g></g>
<g transform="translate(566.8262283718803 0)" style="transform:matrix(1, 0, 0, 1, 566.826, 0);animation-play-state:paused" ><g class="ld ld-fall" style="transform:matrix3d(0.392488, 0.878829, -0.271317, 0, -0.271317, 0.392488, 0.878829, 0, 0.878829, -0.271317, 0.392488, 0, 0, 1490.57, 0, 1);animation-play-state:paused;animation-duration:12.5s;animation-delay:-9.31608s" ><rect x="-3.017416694231759" y="-4.9773159038567965" width="6.034833388463518" height="9.954631807713593" fill="#34bbe6" style="transform:matrix(2.53433, 0, 0, 2.53433, 0, 0);animation-play-state:paused" ></rect></g></g>
<g transform="translate(2423.2685008129783 0)" style="transform:matrix(1, 0, 0, 1, 2423.27, 0);animation-play-state:paused" ><g class="ld ld-fall" style="transform:matrix3d(0.93462, -0.216657, 0.282037, 0, 0.282037, 0.93462, -0.216657, 0, -0.216657, 0.282037, 0.93462, 0, 0, 619.283, 0, 1);animation-play-state:paused;animation-duration:25s;animation-delay:-7.74104s" ><rect x="-3.7956232395153693" y="-3.0667112064270547" width="7.591246479030739" height="6.1334224128541095" fill="#4355db" style="transform:matrix(3.88784, 0, 0, 3.88784, 0, 0);animation-play-state:paused" ></rect></g></g>
<g transform="translate(882.7419768077557 0)" style="transform:matrix(1, 0, 0, 1, 882.742, 0);animation-play-state:paused" ><g class="ld ld-fall" style="transform:matrix3d(0.273931, -0.21202, 0.938088, 0, 0.938088, 0.273931, -0.21202, 0, -0.21202, 0.938088, 0.273931, 0, 0, 1157.2, 0, 1);animation-play-state:paused;animation-duration:12.5s;animation-delay:-19.7325s" ><rect x="-3.5461445929930724" y="-5.26771312060563" width="7.092289185986145" height="10.53542624121126" fill="#f7d038" style="transform:matrix(4.49874, 0, 0, 4.49874, 0, 0);animation-play-state:paused" ></rect></g></g>
<g transform="translate(1455.437838750625 0)" style="transform:matrix(1, 0, 0, 1, 1455.44, 0);animation-play-state:paused" ><g class="ld ld-fall" style="transform:matrix3d(0.766775, 0.55528, -0.322055, 0, -0.322055, 0.766775, 0.55528, 0, 0.55528, -0.322055, 0.766775, 0, 0, 758.234, 0, 1);animation-play-state:paused;animation-duration:25s;animation-delay:-9.47792s" ><rect x="-5.855467766398956" y="-4.095283732549737" width="11.710935532797912" height="8.190567465099473" fill="#34bbe6" style="transform:matrix(4.22219, 0, 0, 4.22219, 0, 0);animation-play-state:paused" ></rect></g></g>
<g transform="translate(537.7055611918271 0)" style="transform:matrix(1, 0, 0, 1, 537.706, 0);animation-play-state:paused" ><g class="ld ld-fall" style="transform:matrix3d(0.99253, 0.0899227, -0.0824525, 0, -0.0824525, 0.99253, 0.0899227, 0, 0.0899227, -0.0824525, 0.99253, 0, 0, 1349.23, 0, 1);animation-play-state:paused;animation-duration:25s;animation-delay:-16.8654s" ><rect x="-4.399413056337105" y="-3.383701294480594" width="8.79882611267421" height="6.767402588961188" fill="#eb7532" style="transform:matrix(3.8359, 0, 0, 3.8359, 0, 0);animation-play-state:paused" ></rect></g></g>
<g transform="translate(2680.9558885015035 0)" style="transform:matrix(1, 0, 0, 1, 2680.96, 0);animation-play-state:paused" ><g class="ld ld-fall" style="transform:matrix3d(-0.272134, 0.877708, 0.394426, 0, 0.394426, -0.272134, 0.877708, 0, 0.877708, 0.394426, -0.272134, 0, 0, 1620.85, 0, 1);animation-play-state:paused;animation-duration:12.5s;animation-delay:-22.6303s" ><rect x="-3.773306757238638" y="-4.711187854211273" width="7.546613514477276" height="9.422375708422546" fill="#eb7532" style="transform:matrix(1.95471, 0, 0, 1.95471, 0, 0);animation-play-state:paused" ></rect></g></g>
<g transform="translate(1861.4663461463647 0)" style="transform:matrix(1, 0, 0, 1, 1861.47, 0);animation-play-state:paused" ><g class="ld ld-fall" style="transform:matrix3d(0.485034, 0.819687, -0.304721, 0, -0.304721, 0.485034, 0.819687, 0, 0.819687, -0.304721, 0.485034, 0, 0, 808.976, 0, 1);animation-play-state:paused;animation-duration:25s;animation-delay:-10.1122s" ><rect x="-4.920800402089289" y="-3.4616638658555328" width="9.841600804178578" height="6.9233277317110655" fill="#eb7532" style="transform:matrix(2.35177, 0, 0, 2.35177, 0, 0);animation-play-state:paused" ></rect></g></g>
<g transform="translate(2549.8746333189965 0)" style="transform:matrix(1, 0, 0, 1, 2549.87, 0);animation-play-state:paused" ><g class="ld ld-fall" style="transform:matrix3d(-0.295247, 0.839974, 0.455273, 0, 0.455273, -0.295247, 0.839974, 0, 0.839974, 0.455273, -0.295247, 0, 0, 963.962, 0, 1);animation-play-state:paused;animation-duration:12.5s;animation-delay:-6.02476s" ><rect x="-4.886539165219156" y="-3.027314270208932" width="9.773078330438311" height="6.054628540417864" fill="#34bbe6" style="transform:matrix(4.4321, 0, 0, 4.4321, 0, 0);animation-play-state:paused" ></rect></g></g>
<g transform="translate(1423.6393025910959 0)" style="transform:matrix(1, 0, 0, 1, 1423.64, 0);animation-play-state:paused" ><g class="ld ld-fall" style="transform:matrix3d(0.565977, -0.324044, 0.758067, 0, 0.758067, 0.565977, -0.324044, 0, -0.324044, 0.758067, 0.565977, 0, 0, 537.822, 0, 1);animation-play-state:paused;animation-duration:12.5s;animation-delay:-3.36139s" ><rect x="-5.491249466803037" y="-4.661211996841423" width="10.982498933606074" height="9.322423993682847" fill="#d23be7" style="transform:matrix(3.95712, 0, 0, 3.95712, 0, 0);animation-play-state:paused" ></rect></g></g>
<g transform="translate(1761.5902803651745 0)" style="transform:matrix(1, 0, 0, 1, 1761.59, 0);animation-play-state:paused" ><g class="ld ld-fall" style="transform:matrix3d(0.914768, 0.325076, -0.239844, 0, -0.239844, 0.914768, 0.325076, 0, 0.325076, -0.239844, 0.914768, 0, 0, 54.2413, 0, 1);animation-play-state:paused;animation-duration:25s;animation-delay:-0.678016s" ><rect x="-5.517831781630389" y="-3.201444445948643" width="11.035663563260778" height="6.402888891897286" fill="#d23be7" style="transform:matrix(3.66003, 0, 0, 3.66003, 0, 0);animation-play-state:paused" ></rect></g></g>
